{
  "advancedEditorSelectedIdentifier" : "ProjectBrowser",
  "openSceneRelativePaths" : [
    "Immersive.usda"
  ],
  "recentIdentifiers" : {
    "1D572CEB-057A-41C3-B575-04C37501A3C0" : [

    ],
    "D66134B1-3681-4A8E-AFE5-29F257229F3B" : [

    ]
  },
  "sceneCameraHistory" : {
    "1D572CEB-057A-41C3-B575-04C37501A3C0" : [
      {
        "date" : 734413934.940349,
        "title" : "Untitled",
        "transform" : [
          -0.8150533,
          4.08452e-08,
          0.57938606,
          0,
          0.2893489,
          0.86636806,
          0.40704244,
          0,
          -0.5019615,
          0.49940598,
          -0.7061361,
          0,
          -163.70163,
          131.0734,
          -246.79596,
          1
        ]
      },
      {
        "date" : 734413929.359394,
        "title" : "Untitled",
        "transform" : [
          -0.8150532,
          3.965707e-08,
          0.5793861,
          0,
          0.28934893,
          0.8663681,
          0.40704244,
          0,
          -0.5019616,
          0.499406,
          -0.7061361,
          0,
          -504.58063,
          502.5849,
          -709.4149,
          1
        ]
      },
      {
        "date" : 734413927.484582,
        "title" : "Untitled",
        "transform" : [
          -0.8150532,
          3.965707e-08,
          0.5793861,
          0,
          0.28934893,
          0.8663681,
          0.40704244,
          0,
          -0.5019616,
          0.499406,
          -0.7061361,
          0,
          -504.58054,
          502.58478,
          -709.4146,
          1
        ]
      },
      {
        "date" : 734413910.076119,
        "title" : "Untitled",
        "transform" : [
          -0.81505316,
          4.336229e-09,
          0.57938623,
          0,
          -0.0010745873,
          0.9999983,
          -0.0015116878,
          0,
          -0.5793852,
          -0.001854673,
          -0.81505173,
          0,
          -24.540123,
          6.9118915,
          -61.454727,
          1
        ]
      },
      {
        "date" : 734413414.156734,
        "title" : "Untitled",
        "transform" : [
          -0.8278859,
          9.780132e-10,
          0.5608966,
          0,
          0.087289445,
          0.9878163,
          0.12883963,
          0,
          -0.5540627,
          0.15562488,
          -0.8177991,
          0,
          -23.286919,
          9.868952,
          -60.385773,
          1
        ]
      },
      {
        "date" : 734411015.104721,
        "title" : "Untitled",
        "transform" : [
          -0.9113534,
          -1.5642776e-10,
          0.41162455,
          0,
          0.14761505,
          0.93348527,
          0.32682574,
          0,
          -0.3842454,
          0.35861576,
          -0.85073507,
          0,
          -18.611012,
          13.412218,
          -57.89951,
          1
        ]
      },
      {
        "date" : 734107961.229676,
        "title" : "Untitled",
        "transform" : [
          -0.98155814,
          1.7650401e-09,
          0.19116387,
          0,
          0.031095821,
          0.9866812,
          0.15966596,
          0,
          -0.18861777,
          0.16266583,
          -0.96848494,
          0,
          -14.820457,
          9.99706,
          -58.75526,
          1
        ]
      },
      {
        "date" : 734107949.187464,
        "title" : "Untitled",
        "transform" : [
          -0.9603776,
          1.2010783e-09,
          0.2787022,
          0,
          0.10847733,
          0.9211435,
          0.3738012,
          0,
          -0.2567247,
          0.38922313,
          -0.8846455,
          0,
          -15.761816,
          14.385768,
          -55.56909,
          1
        ]
      },
      {
        "date" : 734107940.940591,
        "title" : "Untitled",
        "transform" : [
          -0.9999049,
          3.092755e-09,
          -0.0137951095,
          0,
          -0.009058826,
          0.75417835,
          0.6566071,
          0,
          0.010403974,
          0.65666956,
          -0.7541066,
          0,
          -10.846307,
          18.973173,
          -50.86175,
          1
        ]
      },
      {
        "date" : 734107849.270851,
        "title" : "Untitled",
        "transform" : [
          -0.9984567,
          9.225925e-08,
          -0.055533174,
          0,
          -0.054127514,
          0.2235691,
          0.973184,
          0,
          0.0124155935,
          0.97468805,
          -0.2232241,
          0,
          -7.9272175,
          21.17576,
          -45.318245,
          1
        ]
      }
    ],
    "D082E4DE-6EBC-4185-9523-D117BC1841E5" : [
      {
        "date" : 731941223.4187,
        "title" : "Untitled",
        "transform" : [
          1,
          0,
          -0,
          0,
          -0,
          0.8660254,
          -0.5,
          0,
          0,
          0.5,
          0.8660254,
          0,
          0,
          0.23644482,
          0.40953445,
          1
        ]
      }
    ],
    "D66134B1-3681-4A8E-AFE5-29F257229F3B" : [
      {
        "date" : 731672058.816206,
        "title" : "Untitled",
        "transform" : [
          0.6563204,
          -1.6860632e-08,
          0.7544823,
          0,
          0.7403357,
          0.19274047,
          -0.6440141,
          0,
          -0.1454193,
          0.98124975,
          0.12649953,
          0,
          -3.2981937,
          17.790705,
          4.8097143,
          1
        ]
      },
      {
        "date" : 731671902.771182,
        "title" : "Untitled",
        "transform" : [
          -0.8725493,
          -1.739149e-08,
          0.4885261,
          0,
          0.41409674,
          0.53056335,
          0.73961234,
          0,
          -0.25919408,
          0.8476453,
          -0.4629427,
          0,
          -9.144641,
          14.1339855,
          -11.798491,
          1
        ]
      },
      {
        "date" : 731671898.850833,
        "title" : "Untitled",
        "transform" : [
          -0.99814516,
          -1.556782e-08,
          0.06088013,
          0,
          0.060743548,
          0.06693893,
          0.9959063,
          0,
          -0.0040752636,
          0.9977572,
          -0.06681476,
          0,
          -3.9269004,
          18.62094,
          -8.1568575,
          1
        ]
      },
      {
        "date" : 731670827.25328,
        "title" : "Untitled",
        "transform" : [
          -0.34210882,
          -1.7004194e-08,
          0.9396604,
          0,
          0.40679178,
          0.9014353,
          0.14810361,
          0,
          -0.8470431,
          0.43291372,
          -0.308389,
          0,
          -16.602627,
          5.8341804,
          -5.0430017,
          1
        ]
      },
      {
        "date" : 731670764.71729,
        "title" : "Untitled",
        "transform" : [
          -0.34210888,
          1.01990025e-08,
          0.9396604,
          0,
          0.40679187,
          0.9014354,
          0.14810356,
          0,
          -0.84704316,
          0.4329137,
          -0.30838907,
          0,
          -12.72126,
          6.638355,
          -4.9881697,
          1
        ]
      },
      {
        "date" : 731670741.620196,
        "title" : "Untitled",
        "transform" : [
          0.523375,
          1.0270348e-08,
          0.8521025,
          0,
          0.3716842,
          0.8998514,
          -0.22829442,
          0,
          -0.76676565,
          0.43619663,
          0.47095966,
          0,
          -11.7945595,
          6.688103,
          6.85111,
          1
        ]
      },
      {
        "date" : 731665783.111439,
        "title" : "Untitled",
        "transform" : [
          -0.20317799,
          1.0892594e-08,
          -0.97914183,
          0,
          -0.34444273,
          0.93608266,
          0.07147403,
          0,
          0.9165576,
          0.35178024,
          -0.1901914,
          0,
          13.937328,
          5.4106097,
          -2.5046024,
          1
        ]
      },
      {
        "date" : 731665779.269006,
        "title" : "Untitled",
        "transform" : [
          -0.9998224,
          9.395912e-09,
          -0.018848423,
          0,
          -0.009447879,
          0.865299,
          0.50116706,
          0,
          0.016309526,
          0.5012561,
          -0.86514527,
          0,
          0.5027129,
          18.096907,
          -30.84462,
          1
        ]
      },
      {
        "date" : 731665777.172102,
        "title" : "Untitled",
        "transform" : [
          -0.9998223,
          -1.7994328e-09,
          -0.01884833,
          0,
          0.017139506,
          0.41605487,
          -0.9091779,
          0,
          0.007842114,
          -0.9093395,
          -0.4159809,
          0,
          -0.008804481,
          0.0007273713,
          0.027814249,
          1
        ]
      },
      {
        "date" : 731665762.912763,
        "title" : "Untitled",
        "transform" : [
          -0.0340838,
          -2.702589e-10,
          0.99941903,
          0,
          0.10119887,
          0.9948602,
          0.0034512563,
          0,
          -0.9942822,
          0.101257674,
          -0.033908743,
          0,
          9.056215,
          2.2591834,
          -2.3560548,
          1
        ]
      }
    ]
  },
  "selectedSceneRelativePath" : "Immersive.usda"
}